// Map_objects
"yaw_light" = "0.0"
"rotation_speed" = "25.0"
"cube_angle" = "0.0"
// Static_scene
Draw_components("2d_object", 58, 58, 0, '#', [58.0, 58.0, 58.0, -58.0, -58.0, -58.0, -58.0, 58.0], [255, 255, 255, 255], "avoengine_rust/src/logo.png", [], "", "")
Draw_components("3d_object", -10, 0, -10, '█', [1.0, 0.0, 1.0, 1.0, 0.0, -1.0, -1.0, 0.0, -1.0, 1.0, 0.0, 1.0, -1.0, 0.0, -1.0, -1.0, 0.0, 1.0], [58, 58, 58, 255], "", [], "", "")
Draw_components("3d_object", -10, 0, -8, '█', [1.0, 0.0, 1.0, 1.0, 0.0, -1.0, -1.0, 0.0, -1.0, 1.0, 0.0, 1.0, -1.0, 0.0, -1.0, -1.0, 0.0, 1.0], [3, 78, 37, 255], "", [], "", "")
Draw_components("3d_object", -10, 0, -6, '█', [1.0, 0.0, 1.0, 1.0, 0.0, -1.0, -1.0, 0.0, -1.0, 1.0, 0.0, 1.0, -1.0, 0.0, -1.0, -1.0, 0.0, 1.0], [58, 58, 58, 255], "", [], "", "")
Draw_components("3d_object", -10, 0, -4, '█', [1.0, 0.0, 1.0, 1.0, 0.0, -1.0, -1.0, 0.0, -1.0, 1.0, 0.0, 1.0, -1.0, 0.0, -1.0, -1.0, 0.0, 1.0], [3, 78, 37, 255], "", [], "", "")
Draw_components("3d_object", -10, 0, -2, '█', [1.0, 0.0, 1.0, 1.0, 0.0, -1.0, -1.0, 0.0, -1.0, 1.0, 0.0, 1.0, -1.0, 0.0, -1.0, -1.0, 0.0, 1.0], [58, 58, 58, 255], "", [], "", "")
Draw_components("3d_object", -10, 0, 0, '█', [1.0, 0.0, 1.0, 1.0, 0.0, -1.0, -1.0, 0.0, -1.0, 1.0, 0.0, 1.0, -1.0, 0.0, -1.0, -1.0, 0.0, 1.0], [3, 78, 37, 255], "", [], "", "")
Draw_components("3d_object", -10, 0, 2, '█', [1.0, 0.0, 1.0, 1.0, 0.0, -1.0, -1.0, 0.0, -1.0, 1.0, 0.0, 1.0, -1.0, 0.0, -1.0, -1.0, 0.0, 1.0], [58, 58, 58, 255], "", [], "", "")
Draw_components("3d_object", -10, 0, 4, '█', [1.0, 0.0, 1.0, 1.0, 0.0, -1.0, -1.0, 0.0, -1.0, 1.0, 0.0, 1.0, -1.0, 0.0, -1.0, -1.0, 0.0, 1.0], [3, 78, 37, 255], "", [], "", "")
Draw_components("3d_object", -10, 0, 6, '█', [1.0, 0.0, 1.0, 1.0, 0.0, -1.0, -1.0, 0.0, -1.0, 1.0, 0.0, 1.0, -1.0, 0.0, -1.0, -1.0, 0.0, 1.0], [58, 58, 58, 255], "", [], "", "")
Draw_components("3d_object", -10, 0, 8, '█', [1.0, 0.0, 1.0, 1.0, 0.0, -1.0, -1.0, 0.0, -1.0, 1.0, 0.0, 1.0, -1.0, 0.0, -1.0, -1.0, 0.0, 1.0], [3, 78, 37, 255], "", [], "", "")
Draw_components("3d_object", -8, 0, -10, '█', [1.0, 0.0, 1.0, 1.0, 0.0, -1.0, -1.0, 0.0, -1.0, 1.0, 0.0, 1.0, -1.0, 0.0, -1.0, -1.0, 0.0, 1.0], [3, 78, 37, 255], "", [], "", "")
Draw_components("3d_object", -8, 0, -8, '█', [1.0, 0.0, 1.0, 1.0, 0.0, -1.0, -1.0, 0.0, -1.0, 1.0, 0.0, 1.0, -1.0, 0.0, -1.0, -1.0, 0.0, 1.0], [58, 58, 58, 255], "", [], "", "")
Draw_components("3d_object", -8, 0, -6, '█', [1.0, 0.0, 1.0, 1.0, 0.0, -1.0, -1.0, 0.0, -1.0, 1.0, 0.0, 1.0, -1.0, 0.0, -1.0, -1.0, 0.0, 1.0], [3, 78, 37, 255], "", [], "", "")
Draw_components("3d_object", -8, 0, -4, '█', [1.0, 0.0, 1.0, 1.0, 0.0, -1.0, -1.0, 0.0, -1.0, 1.0, 0.0, 1.0, -1.0, 0.0, -1.0, -1.0, 0.0, 1.0], [58, 58, 58, 255], "", [], "", "")
Draw_components("3d_object", -8, 0, -2, '█', [1.0, 0.0, 1.0, 1.0, 0.0, -1.0, -1.0, 0.0, -1.0, 1.0, 0.0, 1.0, -1.0, 0.0, -1.0, -1.0, 0.0, 1.0], [3, 78, 37, 255], "", [], "", "")
Draw_components("3d_object", -8, 0, 0, '█', [1.0, 0.0, 1.0, 1.0, 0.0, -1.0, -1.0, 0.0, -1.0, 1.0, 0.0, 1.0, -1.0, 0.0, -1.0, -1.0, 0.0, 1.0], [58, 58, 58, 255], "", [], "", "")
Draw_components("3d_object", -8, 0, 2, '█', [1.0, 0.0, 1.0, 1.0, 0.0, -1.0, -1.0, 0.0, -1.0, 1.0, 0.0, 1.0, -1.0, 0.0, -1.0, -1.0, 0.0, 1.0], [3, 78, 37, 255], "", [], "", "")
Draw_components("3d_object", -8, 0, 4, '█', [1.0, 0.0, 1.0, 1.0, 0.0, -1.0, -1.0, 0.0, -1.0, 1.0, 0.0, 1.0, -1.0, 0.0, -1.0, -1.0, 0.0, 1.0], [58, 58, 58, 255], "", [], "", "")
Draw_components("3d_object", -8, 0, 6, '█', [1.0, 0.0, 1.0, 1.0, 0.0, -1.0, -1.0, 0.0, -1.0, 1.0, 0.0, 1.0, -1.0, 0.0, -1.0, -1.0, 0.0, 1.0], [3, 78, 37, 255], "", [], "", "")
Draw_components("3d_object", -8, 0, 8, '█', [1.0, 0.0, 1.0, 1.0, 0.0, -1.0, -1.0, 0.0, -1.0, 1.0, 0.0, 1.0, -1.0, 0.0, -1.0, -1.0, 0.0, 1.0], [58, 58, 58, 255], "", [], "", "")
Draw_components("3d_object", -6, 0, -10, '█', [1.0, 0.0, 1.0, 1.0, 0.0, -1.0, -1.0, 0.0, -1.0, 1.0, 0.0, 1.0, -1.0, 0.0, -1.0, -1.0, 0.0, 1.0], [58, 58, 58, 255], "", [], "", "")
Draw_components("3d_object", -6, 0, -8, '█', [1.0, 0.0, 1.0, 1.0, 0.0, -1.0, -1.0, 0.0, -1.0, 1.0, 0.0, 1.0, -1.0, 0.0, -1.0, -1.0, 0.0, 1.0], [3, 78, 37, 255], "", [], "", "")
Draw_components("3d_object", -6, 0, -6, '█', [1.0, 0.0, 1.0, 1.0, 0.0, -1.0, -1.0, 0.0, -1.0, 1.0, 0.0, 1.0, -1.0, 0.0, -1.0, -1.0, 0.0, 1.0], [58, 58, 58, 255], "", [], "", "")
Draw_components("3d_object", -6, 0, -4, '█', [1.0, 0.0, 1.0, 1.0, 0.0, -1.0, -1.0, 0.0, -1.0, 1.0, 0.0, 1.0, -1.0, 0.0, -1.0, -1.0, 0.0, 1.0], [3, 78, 37, 255], "", [], "", "")
Draw_components("3d_object", -6, 0, -2, '█', [1.0, 0.0, 1.0, 1.0, 0.0, -1.0, -1.0, 0.0, -1.0, 1.0, 0.0, 1.0, -1.0, 0.0, -1.0, -1.0, 0.0, 1.0], [58, 58, 58, 255], "", [], "", "")
Draw_components("3d_object", -6, 0, 0, '█', [1.0, 0.0, 1.0, 1.0, 0.0, -1.0, -1.0, 0.0, -1.0, 1.0, 0.0, 1.0, -1.0, 0.0, -1.0, -1.0, 0.0, 1.0], [3, 78, 37, 255], "", [], "", "")
Draw_components("3d_object", -6, 0, 2, '█', [1.0, 0.0, 1.0, 1.0, 0.0, -1.0, -1.0, 0.0, -1.0, 1.0, 0.0, 1.0, -1.0, 0.0, -1.0, -1.0, 0.0, 1.0], [58, 58, 58, 255], "", [], "", "")
Draw_components("3d_object", -6, 0, 4, '█', [1.0, 0.0, 1.0, 1.0, 0.0, -1.0, -1.0, 0.0, -1.0, 1.0, 0.0, 1.0, -1.0, 0.0, -1.0, -1.0, 0.0, 1.0], [3, 78, 37, 255], "", [], "", "")
Draw_components("3d_object", -6, 0, 6, '█', [1.0, 0.0, 1.0, 1.0, 0.0, -1.0, -1.0, 0.0, -1.0, 1.0, 0.0, 1.0, -1.0, 0.0, -1.0, -1.0, 0.0, 1.0], [58, 58, 58, 255], "", [], "", "")
Draw_components("3d_object", -6, 0, 8, '█', [1.0, 0.0, 1.0, 1.0, 0.0, -1.0, -1.0, 0.0, -1.0, 1.0, 0.0, 1.0, -1.0, 0.0, -1.0, -1.0, 0.0, 1.0], [3, 78, 37, 255], "", [], "", "")
Draw_components("3d_object", -4, 0, -10, '█', [1.0, 0.0, 1.0, 1.0, 0.0, -1.0, -1.0, 0.0, -1.0, 1.0, 0.0, 1.0, -1.0, 0.0, -1.0, -1.0, 0.0, 1.0], [3, 78, 37, 255], "", [], "", "")
Draw_components("3d_object", -4, 0, -8, '█', [1.0, 0.0, 1.0, 1.0, 0.0, -1.0, -1.0, 0.0, -1.0, 1.0, 0.0, 1.0, -1.0, 0.0, -1.0, -1.0, 0.0, 1.0], [58, 58, 58, 255], "", [], "", "")
Draw_components("3d_object", -4, 0, -6, '█', [1.0, 0.0, 1.0, 1.0, 0.0, -1.0, -1.0, 0.0, -1.0, 1.0, 0.0, 1.0, -1.0, 0.0, -1.0, -1.0, 0.0, 1.0], [3, 78, 37, 255], "", [], "", "")
Draw_components("3d_object", -4, 0, -4, '█', [1.0, 0.0, 1.0, 1.0, 0.0, -1.0, -1.0, 0.0, -1.0, 1.0, 0.0, 1.0, -1.0, 0.0, -1.0, -1.0, 0.0, 1.0], [58, 58, 58, 255], "", [], "", "")
Draw_components("3d_object", -4, 0, -2, '█', [1.0, 0.0, 1.0, 1.0, 0.0, -1.0, -1.0, 0.0, -1.0, 1.0, 0.0, 1.0, -1.0, 0.0, -1.0, -1.0, 0.0, 1.0], [3, 78, 37, 255], "", [], "", "")
Draw_components("3d_object", -4, 0, 0, '█', [1.0, 0.0, 1.0, 1.0, 0.0, -1.0, -1.0, 0.0, -1.0, 1.0, 0.0, 1.0, -1.0, 0.0, -1.0, -1.0, 0.0, 1.0], [58, 58, 58, 255], "", [], "", "")
Draw_components("3d_object", -4, 0, 2, '█', [1.0, 0.0, 1.0, 1.0, 0.0, -1.0, -1.0, 0.0, -1.0, 1.0, 0.0, 1.0, -1.0, 0.0, -1.0, -1.0, 0.0, 1.0], [3, 78, 37, 255], "", [], "", "")
Draw_components("3d_object", -4, 0, 4, '█', [1.0, 0.0, 1.0, 1.0, 0.0, -1.0, -1.0, 0.0, -1.0, 1.0, 0.0, 1.0, -1.0, 0.0, -1.0, -1.0, 0.0, 1.0], [58, 58, 58, 255], "", [], "", "")
Draw_components("3d_object", -4, 0, 6, '█', [1.0, 0.0, 1.0, 1.0, 0.0, -1.0, -1.0, 0.0, -1.0, 1.0, 0.0, 1.0, -1.0, 0.0, -1.0, -1.0, 0.0, 1.0], [3, 78, 37, 255], "", [], "", "")
Draw_components("3d_object", -4, 0, 8, '█', [1.0, 0.0, 1.0, 1.0, 0.0, -1.0, -1.0, 0.0, -1.0, 1.0, 0.0, 1.0, -1.0, 0.0, -1.0, -1.0, 0.0, 1.0], [58, 58, 58, 255], "", [], "", "")
Draw_components("3d_object", -2, 0, -10, '█', [1.0, 0.0, 1.0, 1.0, 0.0, -1.0, -1.0, 0.0, -1.0, 1.0, 0.0, 1.0, -1.0, 0.0, -1.0, -1.0, 0.0, 1.0], [58, 58, 58, 255], "", [], "", "")
Draw_components("3d_object", -2, 0, -8, '█', [1.0, 0.0, 1.0, 1.0, 0.0, -1.0, -1.0, 0.0, -1.0, 1.0, 0.0, 1.0, -1.0, 0.0, -1.0, -1.0, 0.0, 1.0], [3, 78, 37, 255], "", [], "", "")
Draw_components("3d_object", -2, 0, -6, '█', [1.0, 0.0, 1.0, 1.0, 0.0, -1.0, -1.0, 0.0, -1.0, 1.0, 0.0, 1.0, -1.0, 0.0, -1.0, -1.0, 0.0, 1.0], [58, 58, 58, 255], "", [], "", "")
Draw_components("3d_object", -2, 0, -4, '█', [1.0, 0.0, 1.0, 1.0, 0.0, -1.0, -1.0, 0.0, -1.0, 1.0, 0.0, 1.0, -1.0, 0.0, -1.0, -1.0, 0.0, 1.0], [3, 78, 37, 255], "", [], "", "")
Draw_components("3d_object", -2, 0, -2, '█', [1.0, 0.0, 1.0, 1.0, 0.0, -1.0, -1.0, 0.0, -1.0, 1.0, 0.0, 1.0, -1.0, 0.0, -1.0, -1.0, 0.0, 1.0], [58, 58, 58, 255], "", [], "", "")
Draw_components("3d_object", -2, 0, 0, '█', [1.0, 0.0, 1.0, 1.0, 0.0, -1.0, -1.0, 0.0, -1.0, 1.0, 0.0, 1.0, -1.0, 0.0, -1.0, -1.0, 0.0, 1.0], [3, 78, 37, 255], "", [], "", "")
Draw_components("3d_object", -2, 0, 2, '█', [1.0, 0.0, 1.0, 1.0, 0.0, -1.0, -1.0, 0.0, -1.0, 1.0, 0.0, 1.0, -1.0, 0.0, -1.0, -1.0, 0.0, 1.0], [58, 58, 58, 255], "", [], "", "")
Draw_components("3d_object", -2, 0, 4, '█', [1.0, 0.0, 1.0, 1.0, 0.0, -1.0, -1.0, 0.0, -1.0, 1.0, 0.0, 1.0, -1.0, 0.0, -1.0, -1.0, 0.0, 1.0], [3, 78, 37, 255], "", [], "", "")
Draw_components("3d_object", -2, 0, 6, '█', [1.0, 0.0, 1.0, 1.0, 0.0, -1.0, -1.0, 0.0, -1.0, 1.0, 0.0, 1.0, -1.0, 0.0, -1.0, -1.0, 0.0, 1.0], [58, 58, 58, 255], "", [], "", "")
Draw_components("3d_object", -2, 0, 8, '█', [1.0, 0.0, 1.0, 1.0, 0.0, -1.0, -1.0, 0.0, -1.0, 1.0, 0.0, 1.0, -1.0, 0.0, -1.0, -1.0, 0.0, 1.0], [3, 78, 37, 255], "", [], "", "")
Draw_components("3d_object", 0, 0, -10, '█', [1.0, 0.0, 1.0, 1.0, 0.0, -1.0, -1.0, 0.0, -1.0, 1.0, 0.0, 1.0, -1.0, 0.0, -1.0, -1.0, 0.0, 1.0], [3, 78, 37, 255], "", [], "", "")
Draw_components("3d_object", 0, 0, -8, '█', [1.0, 0.0, 1.0, 1.0, 0.0, -1.0, -1.0, 0.0, -1.0, 1.0, 0.0, 1.0, -1.0, 0.0, -1.0, -1.0, 0.0, 1.0], [58, 58, 58, 255], "", [], "", "")
Draw_components("3d_object", 0, 0, -6, '█', [1.0, 0.0, 1.0, 1.0, 0.0, -1.0, -1.0, 0.0, -1.0, 1.0, 0.0, 1.0, -1.0, 0.0, -1.0, -1.0, 0.0, 1.0], [3, 78, 37, 255], "", [], "", "")
Draw_components("3d_object", 0, 0, -4, '█', [1.0, 0.0, 1.0, 1.0, 0.0, -1.0, -1.0, 0.0, -1.0, 1.0, 0.0, 1.0, -1.0, 0.0, -1.0, -1.0, 0.0, 1.0], [58, 58, 58, 255], "", [], "", "")
Draw_components("3d_object", 0, 0, -2, '█', [1.0, 0.0, 1.0, 1.0, 0.0, -1.0, -1.0, 0.0, -1.0, 1.0, 0.0, 1.0, -1.0, 0.0, -1.0, -1.0, 0.0, 1.0], [3, 78, 37, 255], "", [], "", "")
Draw_components("3d_object", 0, 0, 0, '█', [1.0, 0.0, 1.0, 1.0, 0.0, -1.0, -1.0, 0.0, -1.0, 1.0, 0.0, 1.0, -1.0, 0.0, -1.0, -1.0, 0.0, 1.0], [58, 58, 58, 255], "", [], "", "")
Draw_components("3d_object", 0, 0, 2, '█', [1.0, 0.0, 1.0, 1.0, 0.0, -1.0, -1.0, 0.0, -1.0, 1.0, 0.0, 1.0, -1.0, 0.0, -1.0, -1.0, 0.0, 1.0], [3, 78, 37, 255], "", [], "", "")
Draw_components("3d_object", 0, 0, 4, '█', [1.0, 0.0, 1.0, 1.0, 0.0, -1.0, -1.0, 0.0, -1.0, 1.0, 0.0, 1.0, -1.0, 0.0, -1.0, -1.0, 0.0, 1.0], [58, 58, 58, 255], "", [], "", "")
Draw_components("3d_object", 0, 0, 6, '█', [1.0, 0.0, 1.0, 1.0, 0.0, -1.0, -1.0, 0.0, -1.0, 1.0, 0.0, 1.0, -1.0, 0.0, -1.0, -1.0, 0.0, 1.0], [3, 78, 37, 255], "", [], "", "")
Draw_components("3d_object", 0, 0, 8, '█', [1.0, 0.0, 1.0, 1.0, 0.0, -1.0, -1.0, 0.0, -1.0, 1.0, 0.0, 1.0, -1.0, 0.0, -1.0, -1.0, 0.0, 1.0], [58, 58, 58, 255], "", [], "", "")
Draw_components("3d_object", 2, 0, -10, '█', [1.0, 0.0, 1.0, 1.0, 0.0, -1.0, -1.0, 0.0, -1.0, 1.0, 0.0, 1.0, -1.0, 0.0, -1.0, -1.0, 0.0, 1.0], [58, 58, 58, 255], "", [], "", "")
Draw_components("3d_object", 2, 0, -8, '█', [1.0, 0.0, 1.0, 1.0, 0.0, -1.0, -1.0, 0.0, -1.0, 1.0, 0.0, 1.0, -1.0, 0.0, -1.0, -1.0, 0.0, 1.0], [3, 78, 37, 255], "", [], "", "")
Draw_components("3d_object", 2, 0, -6, '█', [1.0, 0.0, 1.0, 1.0, 0.0, -1.0, -1.0, 0.0, -1.0, 1.0, 0.0, 1.0, -1.0, 0.0, -1.0, -1.0, 0.0, 1.0], [58, 58, 58, 255], "", [], "", "")
Draw_components("3d_object", 2, 0, -4, '█', [1.0, 0.0, 1.0, 1.0, 0.0, -1.0, -1.0, 0.0, -1.0, 1.0, 0.0, 1.0, -1.0, 0.0, -1.0, -1.0, 0.0, 1.0], [3, 78, 37, 255], "", [], "", "")
Draw_components("3d_object", 2, 0, -2, '█', [1.0, 0.0, 1.0, 1.0, 0.0, -1.0, -1.0, 0.0, -1.0, 1.0, 0.0, 1.0, -1.0, 0.0, -1.0, -1.0, 0.0, 1.0], [58, 58, 58, 255], "", [], "", "")
Draw_components("3d_object", 2, 0, 0, '█', [1.0, 0.0, 1.0, 1.0, 0.0, -1.0, -1.0, 0.0, -1.0, 1.0, 0.0, 1.0, -1.0, 0.0, -1.0, -1.0, 0.0, 1.0], [3, 78, 37, 255], "", [], "", "")
Draw_components("3d_object", 2, 0, 2, '█', [1.0, 0.0, 1.0, 1.0, 0.0, -1.0, -1.0, 0.0, -1.0, 1.0, 0.0, 1.0, -1.0, 0.0, -1.0, -1.0, 0.0, 1.0], [58, 58, 58, 255], "", [], "", "")
Draw_components("3d_object", 2, 0, 4, '█', [1.0, 0.0, 1.0, 1.0, 0.0, -1.0, -1.0, 0.0, -1.0, 1.0, 0.0, 1.0, -1.0, 0.0, -1.0, -1.0, 0.0, 1.0], [3, 78, 37, 255], "", [], "", "")
Draw_components("3d_object", 2, 0, 6, '█', [1.0, 0.0, 1.0, 1.0, 0.0, -1.0, -1.0, 0.0, -1.0, 1.0, 0.0, 1.0, -1.0, 0.0, -1.0, -1.0, 0.0, 1.0], [58, 58, 58, 255], "", [], "", "")
Draw_components("3d_object", 2, 0, 8, '█', [1.0, 0.0, 1.0, 1.0, 0.0, -1.0, -1.0, 0.0, -1.0, 1.0, 0.0, 1.0, -1.0, 0.0, -1.0, -1.0, 0.0, 1.0], [3, 78, 37, 255], "", [], "", "")
Draw_components("3d_object", 4, 0, -10, '█', [1.0, 0.0, 1.0, 1.0, 0.0, -1.0, -1.0, 0.0, -1.0, 1.0, 0.0, 1.0, -1.0, 0.0, -1.0, -1.0, 0.0, 1.0], [3, 78, 37, 255], "", [], "", "")
Draw_components("3d_object", 4, 0, -8, '█', [1.0, 0.0, 1.0, 1.0, 0.0, -1.0, -1.0, 0.0, -1.0, 1.0, 0.0, 1.0, -1.0, 0.0, -1.0, -1.0, 0.0, 1.0], [58, 58, 58, 255], "", [], "", "")
Draw_components("3d_object", 4, 0, -6, '█', [1.0, 0.0, 1.0, 1.0, 0.0, -1.0, -1.0, 0.0, -1.0, 1.0, 0.0, 1.0, -1.0, 0.0, -1.0, -1.0, 0.0, 1.0], [3, 78, 37, 255], "", [], "", "")
Draw_components("3d_object", 4, 0, -4, '█', [1.0, 0.0, 1.0, 1.0, 0.0, -1.0, -1.0, 0.0, -1.0, 1.0, 0.0, 1.0, -1.0, 0.0, -1.0, -1.0, 0.0, 1.0], [58, 58, 58, 255], "", [], "", "")
Draw_components("3d_object", 4, 0, -2, '█', [1.0, 0.0, 1.0, 1.0, 0.0, -1.0, -1.0, 0.0, -1.0, 1.0, 0.0, 1.0, -1.0, 0.0, -1.0, -1.0, 0.0, 1.0], [3, 78, 37, 255], "", [], "", "")
Draw_components("3d_object", 4, 0, 0, '█', [1.0, 0.0, 1.0, 1.0, 0.0, -1.0, -1.0, 0.0, -1.0, 1.0, 0.0, 1.0, -1.0, 0.0, -1.0, -1.0, 0.0, 1.0], [58, 58, 58, 255], "", [], "", "")
Draw_components("3d_object", 4, 0, 2, '█', [1.0, 0.0, 1.0, 1.0, 0.0, -1.0, -1.0, 0.0, -1.0, 1.0, 0.0, 1.0, -1.0, 0.0, -1.0, -1.0, 0.0, 1.0], [3, 78, 37, 255], "", [], "", "")
Draw_components("3d_object", 4, 0, 4, '█', [1.0, 0.0, 1.0, 1.0, 0.0, -1.0, -1.0, 0.0, -1.0, 1.0, 0.0, 1.0, -1.0, 0.0, -1.0, -1.0, 0.0, 1.0], [58, 58, 58, 255], "", [], "", "")
Draw_components("3d_object", 4, 0, 6, '█', [1.0, 0.0, 1.0, 1.0, 0.0, -1.0, -1.0, 0.0, -1.0, 1.0, 0.0, 1.0, -1.0, 0.0, -1.0, -1.0, 0.0, 1.0], [3, 78, 37, 255], "", [], "", "")
Draw_components("3d_object", 4, 0, 8, '█', [1.0, 0.0, 1.0, 1.0, 0.0, -1.0, -1.0, 0.0, -1.0, 1.0, 0.0, 1.0, -1.0, 0.0, -1.0, -1.0, 0.0, 1.0], [58, 58, 58, 255], "", [], "", "")
Draw_components("3d_object", 6, 0, -10, '█', [1.0, 0.0, 1.0, 1.0, 0.0, -1.0, -1.0, 0.0, -1.0, 1.0, 0.0, 1.0, -1.0, 0.0, -1.0, -1.0, 0.0, 1.0], [58, 58, 58, 255], "", [], "", "")
Draw_components("3d_object", 6, 0, -8, '█', [1.0, 0.0, 1.0, 1.0, 0.0, -1.0, -1.0, 0.0, -1.0, 1.0, 0.0, 1.0, -1.0, 0.0, -1.0, -1.0, 0.0, 1.0], [3, 78, 37, 255], "", [], "", "")
Draw_components("3d_object", 6, 0, -6, '█', [1.0, 0.0, 1.0, 1.0, 0.0, -1.0, -1.0, 0.0, -1.0, 1.0, 0.0, 1.0, -1.0, 0.0, -1.0, -1.0, 0.0, 1.0], [58, 58, 58, 255], "", [], "", "")
Draw_components("3d_object", 6, 0, -4, '█', [1.0, 0.0, 1.0, 1.0, 0.0, -1.0, -1.0, 0.0, -1.0, 1.0, 0.0, 1.0, -1.0, 0.0, -1.0, -1.0, 0.0, 1.0], [3, 78, 37, 255], "", [], "", "")
Draw_components("3d_object", 6, 0, -2, '█', [1.0, 0.0, 1.0, 1.0, 0.0, -1.0, -1.0, 0.0, -1.0, 1.0, 0.0, 1.0, -1.0, 0.0, -1.0, -1.0, 0.0, 1.0], [58, 58, 58, 255], "", [], "", "")
Draw_components("3d_object", 6, 0, 0, '█', [1.0, 0.0, 1.0, 1.0, 0.0, -1.0, -1.0, 0.0, -1.0, 1.0, 0.0, 1.0, -1.0, 0.0, -1.0, -1.0, 0.0, 1.0], [3, 78, 37, 255], "", [], "", "")
Draw_components("3d_object", 6, 0, 2, '█', [1.0, 0.0, 1.0, 1.0, 0.0, -1.0, -1.0, 0.0, -1.0, 1.0, 0.0, 1.0, -1.0, 0.0, -1.0, -1.0, 0.0, 1.0], [58, 58, 58, 255], "", [], "", "")
Draw_components("3d_object", 6, 0, 4, '█', [1.0, 0.0, 1.0, 1.0, 0.0, -1.0, -1.0, 0.0, -1.0, 1.0, 0.0, 1.0, -1.0, 0.0, -1.0, -1.0, 0.0, 1.0], [3, 78, 37, 255], "", [], "", "")
Draw_components("3d_object", 6, 0, 6, '█', [1.0, 0.0, 1.0, 1.0, 0.0, -1.0, -1.0, 0.0, -1.0, 1.0, 0.0, 1.0, -1.0, 0.0, -1.0, -1.0, 0.0, 1.0], [58, 58, 58, 255], "", [], "", "")
Draw_components("3d_object", 6, 0, 8, '█', [1.0, 0.0, 1.0, 1.0, 0.0, -1.0, -1.0, 0.0, -1.0, 1.0, 0.0, 1.0, -1.0, 0.0, -1.0, -1.0, 0.0, 1.0], [3, 78, 37, 255], "", [], "", "")
Draw_components("3d_object", 8, 0, -10, '█', [1.0, 0.0, 1.0, 1.0, 0.0, -1.0, -1.0, 0.0, -1.0, 1.0, 0.0, 1.0, -1.0, 0.0, -1.0, -1.0, 0.0, 1.0], [3, 78, 37, 255], "", [], "", "")
Draw_components("3d_object", 8, 0, -8, '█', [1.0, 0.0, 1.0, 1.0, 0.0, -1.0, -1.0, 0.0, -1.0, 1.0, 0.0, 1.0, -1.0, 0.0, -1.0, -1.0, 0.0, 1.0], [58, 58, 58, 255], "", [], "", "")
Draw_components("3d_object", 8, 0, -6, '█', [1.0, 0.0, 1.0, 1.0, 0.0, -1.0, -1.0, 0.0, -1.0, 1.0, 0.0, 1.0, -1.0, 0.0, -1.0, -1.0, 0.0, 1.0], [3, 78, 37, 255], "", [], "", "")
Draw_components("3d_object", 8, 0, -4, '█', [1.0, 0.0, 1.0, 1.0, 0.0, -1.0, -1.0, 0.0, -1.0, 1.0, 0.0, 1.0, -1.0, 0.0, -1.0, -1.0, 0.0, 1.0], [58, 58, 58, 255], "", [], "", "")
Draw_components("3d_object", 8, 0, -2, '█', [1.0, 0.0, 1.0, 1.0, 0.0, -1.0, -1.0, 0.0, -1.0, 1.0, 0.0, 1.0, -1.0, 0.0, -1.0, -1.0, 0.0, 1.0], [3, 78, 37, 255], "", [], "", "")
Draw_components("3d_object", 8, 0, 0, '█', [1.0, 0.0, 1.0, 1.0, 0.0, -1.0, -1.0, 0.0, -1.0, 1.0, 0.0, 1.0, -1.0, 0.0, -1.0, -1.0, 0.0, 1.0], [58, 58, 58, 255], "", [], "", "")
Draw_components("3d_object", 8, 0, 2, '█', [1.0, 0.0, 1.0, 1.0, 0.0, -1.0, -1.0, 0.0, -1.0, 1.0, 0.0, 1.0, -1.0, 0.0, -1.0, -1.0, 0.0, 1.0], [3, 78, 37, 255], "", [], "", "")
Draw_components("3d_object", 8, 0, 4, '█', [1.0, 0.0, 1.0, 1.0, 0.0, -1.0, -1.0, 0.0, -1.0, 1.0, 0.0, 1.0, -1.0, 0.0, -1.0, -1.0, 0.0, 1.0], [58, 58, 58, 255], "", [], "", "")
Draw_components("3d_object", 8, 0, 6, '█', [1.0, 0.0, 1.0, 1.0, 0.0, -1.0, -1.0, 0.0, -1.0, 1.0, 0.0, 1.0, -1.0, 0.0, -1.0, -1.0, 0.0, 1.0], [3, 78, 37, 255], "", [], "", "")
Draw_components("3d_object", 8, 0, 8, '█', [1.0, 0.0, 1.0, 1.0, 0.0, -1.0, -1.0, 0.0, -1.0, 1.0, 0.0, 1.0, -1.0, 0.0, -1.0, -1.0, 0.0, 1.0], [58, 58, 58, 255], "", [], "", "")
Draw_components("3d_object", 0, 10, 0, '█', [1.0, 0.0, 1.0, -1.0, 0.0, -1.0, 1.0, 0.0, -1.0, 1.0, 0.0, 1.0, -1.0, 0.0, 1.0, -1.0, 0.0, -1.0], [255, 255, 255, 255], "avoengine_rust/src/logo.png", [], "", "")
Draw_components("3d_object", 7, 1.01, 7, '#', [-1.0, -1.0, 1.0, 1.0, -1.0, 1.0, 1.0, 1.0, 1.0, -1.0, -1.0, 1.0, 1.0, 1.0, 1.0, -1.0, 1.0, 1.0, -1.0, -1.0, -1.0, -1.0, 1.0, -1.0, 1.0, 1.0, -1.0, -1.0, -1.0, -1.0, 1.0, 1.0, -1.0, 1.0, -1.0, -1.0, -1.0, -1.0, -1.0, -1.0, -1.0, 1.0, -1.0, 1.0, 1.0, -1.0, -1.0, -1.0, -1.0, 1.0, 1.0, -1.0, 1.0, -1.0, 1.0, -1.0, -1.0, 1.0, 1.0, -1.0, 1.0, 1.0, 1.0, 1.0, -1.0, -1.0, 1.0, 1.0, 1.0, 1.0, -1.0, 1.0, -1.0, 1.0, -1.0, -1.0, 1.0, 1.0, 1.0, 1.0, 1.0, -1.0, 1.0, -1.0, 1.0, 1.0, 1.0, 1.0, 1.0, -1.0, -1.0, -1.0, -1.0, 1.0, -1.0, -1.0, 1.0, -1.0, 1.0, -1.0, -1.0, -1.0, 1.0, -1.0, 1.0, -1.0, -1.0, 1.0], [255, 0, 0, 255], "", [], "", "")
Draw_components("3d_object", -9, 1.01, -9, '#', [-1.0, -1.0, 1.0, 1.0, -1.0, 1.0, 1.0, 1.0, 1.0, -1.0, -1.0, 1.0, 1.0, 1.0, 1.0, -1.0, 1.0, 1.0, -1.0, -1.0, -1.0, -1.0, 1.0, -1.0, 1.0, 1.0, -1.0, -1.0, -1.0, -1.0, 1.0, 1.0, -1.0, 1.0, -1.0, -1.0, -1.0, -1.0, -1.0, -1.0, -1.0, 1.0, -1.0, 1.0, 1.0, -1.0, -1.0, -1.0, -1.0, 1.0, 1.0, -1.0, 1.0, -1.0, 1.0, -1.0, -1.0, 1.0, 1.0, -1.0, 1.0, 1.0, 1.0, 1.0, -1.0, -1.0, 1.0, 1.0, 1.0, 1.0, -1.0, 1.0, -1.0, 1.0, -1.0, -1.0, 1.0, 1.0, 1.0, 1.0, 1.0, -1.0, 1.0, -1.0, 1.0, 1.0, 1.0, 1.0, 1.0, -1.0, -1.0, -1.0, -1.0, 1.0, -1.0, -1.0, 1.0, -1.0, 1.0, -1.0, -1.0, -1.0, 1.0, -1.0, 1.0, -1.0, -1.0, 1.0], [0, 0, 255, 255], "", [], "", "")
Draw_components("3d_object", -5, 1.01, 5, '#', [-1.0, -1.0, 1.0, 1.0, -1.0, 1.0, 1.0, 1.0, 1.0, -1.0, -1.0, 1.0, 1.0, 1.0, 1.0, -1.0, 1.0, 1.0, -1.0, -1.0, -1.0, -1.0, 1.0, -1.0, 1.0, 1.0, -1.0, -1.0, -1.0, -1.0, 1.0, 1.0, -1.0, 1.0, -1.0, -1.0, -1.0, -1.0, -1.0, -1.0, -1.0, 1.0, -1.0, 1.0, 1.0, -1.0, -1.0, -1.0, -1.0, 1.0, 1.0, -1.0, 1.0, -1.0, 1.0, -1.0, -1.0, 1.0, 1.0, -1.0, 1.0, 1.0, 1.0, 1.0, -1.0, -1.0, 1.0, 1.0, 1.0, 1.0, -1.0, 1.0, -1.0, 1.0, -1.0, -1.0, 1.0, 1.0, 1.0, 1.0, 1.0, -1.0, 1.0, -1.0, 1.0, 1.0, 1.0, 1.0, 1.0, -1.0, -1.0, -1.0, -1.0, 1.0, -1.0, -1.0, 1.0, -1.0, 1.0, -1.0, -1.0, -1.0, 1.0, -1.0, 1.0, -1.0, -1.0, 1.0], [255, 0, 255, 128], "", [], "", "")
// Static_light
Light_components(0, 5, 0, [255, 255, 255], 58, 90, 1, 0, "")
// Static_sound_scene
Sound_components(0, 0, 0, [-10.0, 0.0, -10.0, 10.0, 0.0, -10.0, 10.0, 0.0, 10.0, -10.0, 0.0, -10.0, 10.0, 0.0, 10.0, -10.0, 0.0, 10.0], 200, "")
Sound_components(7, 1, 7, [-1.0, -1.0, 1.0, 1.0, -1.0, 1.0, 1.0, 1.0, 1.0, -1.0, -1.0, 1.0, 1.0, 1.0, 1.0, -1.0, 1.0, 1.0, -1.0, -1.0, -1.0, -1.0, 1.0, -1.0, 1.0, 1.0, -1.0, -1.0, -1.0, -1.0, 1.0, 1.0, -1.0, 1.0, -1.0, -1.0, -1.0, -1.0, -1.0, -1.0, -1.0, 1.0, -1.0, 1.0, 1.0, -1.0, -1.0, -1.0, -1.0, 1.0, 1.0, -1.0, 1.0, -1.0, 1.0, -1.0, -1.0, 1.0, 1.0, -1.0, 1.0, 1.0, 1.0, 1.0, -1.0, -1.0, 1.0, 1.0, 1.0, 1.0, -1.0, 1.0, -1.0, 1.0, -1.0, -1.0, 1.0, 1.0, 1.0, 1.0, 1.0, -1.0, 1.0, -1.0, 1.0, 1.0, 1.0, 1.0, 1.0, -1.0, -1.0, -1.0, -1.0, 1.0, -1.0, -1.0, 1.0, -1.0, 1.0, -1.0, -1.0, -1.0, 1.0, -1.0, 1.0, 1.0, -1.0, -1.0], 200, "")
Sound_components(-9, 1, -9, [-1.0, -1.0, 1.0, 1.0, -1.0, 1.0, 1.0, 1.0, 1.0, -1.0, -1.0, 1.0, 1.0, 1.0, 1.0, -1.0, 1.0, 1.0, -1.0, -1.0, -1.0, -1.0, 1.0, -1.0, 1.0, 1.0, -1.0, -1.0, -1.0, -1.0, 1.0, 1.0, -1.0, 1.0, -1.0, -1.0, -1.0, -1.0, -1.0, -1.0, -1.0, 1.0, -1.0, 1.0, 1.0, -1.0, -1.0, -1.0, -1.0, 1.0, 1.0, -1.0, 1.0, -1.0, 1.0, -1.0, -1.0, 1.0, 1.0, -1.0, 1.0, 1.0, 1.0, 1.0, -1.0, -1.0, 1.0, 1.0, 1.0, 1.0, -1.0, 1.0, -1.0, 1.0, -1.0, -1.0, 1.0, 1.0, 1.0, 1.0, 1.0, -1.0, 1.0, -1.0, 1.0, 1.0, 1.0, 1.0, 1.0, -1.0, -1.0, -1.0, -1.0, 1.0, -1.0, -1.0, 1.0, -1.0, 1.0, -1.0, -1.0, -1.0, 1.0, -1.0, 1.0, 1.0, -1.0, -1.0], 200, "")
Sound_components(-5, 1, 5, [-1.0, -1.0, 1.0, 1.0, -1.0, 1.0, 1.0, 1.0, 1.0, -1.0, -1.0, 1.0, 1.0, 1.0, 1.0, -1.0, 1.0, 1.0, -1.0, -1.0, -1.0, -1.0, 1.0, -1.0, 1.0, 1.0, -1.0, -1.0, -1.0, -1.0, 1.0, 1.0, -1.0, 1.0, -1.0, -1.0, -1.0, -1.0, -1.0, -1.0, -1.0, 1.0, -1.0, 1.0, 1.0, -1.0, -1.0, -1.0, -1.0, 1.0, 1.0, -1.0, 1.0, -1.0, 1.0, -1.0, -1.0, 1.0, 1.0, -1.0, 1.0, 1.0, 1.0, 1.0, -1.0, -1.0, 1.0, 1.0, 1.0, 1.0, -1.0, 1.0, -1.0, 1.0, -1.0, -1.0, 1.0, 1.0, 1.0, 1.0, 1.0, -1.0, 1.0, -1.0, 1.0, 1.0, 1.0, 1.0, 1.0, -1.0, -1.0, -1.0, -1.0, 1.0, -1.0, -1.0, 1.0, -1.0, 1.0, -1.0, -1.0, -1.0, 1.0, -1.0, 1.0, 1.0, -1.0, -1.0], 100, "")
// Map_scripts
Script("on_tick", "
let yaw_light = get_map_object(\"yaw_light\").to_float();
let speed = 1.0;
yaw_light += speed;
set_map_object(\"yaw_light\", yaw_light.to_string());
let rotation_speed = get_map_object(\"rotation_speed\").to_float();
let cube_angle = (get_tick().to_float() * rotation_speed) % 360.0;
set_map_object(\"cube_angle\", cube_angle.to_string());
if !draw_exists_by_name(\"green_cube\") {
let cube = [
-1.0, -1.0, 1.0,
1.0, -1.0, 1.0,
1.0, 1.0, 1.0,
-1.0, -1.0, 1.0,
1.0, 1.0, 1.0,
-1.0, 1.0, 1.0,
-1.0, -1.0, -1.0,
-1.0, 1.0, -1.0,
1.0, 1.0, -1.0,
-1.0, -1.0, -1.0,
1.0, 1.0, -1.0,
1.0, -1.0, -1.0,
-1.0, -1.0, -1.0,
-1.0, -1.0, 1.0,
-1.0, 1.0, 1.0,
-1.0, -1.0, -1.0,
-1.0, 1.0, 1.0,
-1.0, 1.0, -1.0,
1.0, -1.0, -1.0,
1.0, 1.0, -1.0,
1.0, 1.0, 1.0,
1.0, -1.0, -1.0,
1.0, 1.0, 1.0,
1.0, -1.0, 1.0,
-1.0, 1.0, -1.0,
-1.0, 1.0, 1.0,
1.0, 1.0, 1.0,
-1.0, 1.0, -1.0,
1.0, 1.0, 1.0,
1.0, 1.0, -1.0,
-1.0, -1.0, -1.0,
1.0, -1.0, -1.0,
1.0, -1.0, 1.0,
-1.0, -1.0, -1.0,
1.0, -1.0, 1.0,
-1.0, -1.0, 1.0
];
push_draw(Draw_components(
\"3d_object\",
5.0, 1.01, -5.0,
'#',
cube,
[0, 255, 0, 255],
\"\",
[],
0.0,
cube_angle,
0.0,
\"\",
\"green_cube\"
));
}
set_draw_rotation_by_name(\"green_cube\", 0.0, cube_angle, 0.0);
let light_positions = [
[ [0, 200, 0], 0.0 ],
[ [0, 0, 200], -90.0 ],
[ [200, 0, 0], -180.0 ],
[ [200, 200, 200], -270.0 ]
];
for item in light_positions {
let color = item[0];
let offset = item[1];
push_light(Light_components(
0.0, 1.0, 0.0,
color,
580.0,
90.0,
90.0,
yaw_light + offset,
\"\"
));
}
")